65
67
69
73
77
81
83
97
99
113
115
117
121
129
131
133
137
141
145
147
161
163
177
179
181
185
321
323
329
337
339
353
355
369
371
377
385
387
393
401
403
417
419
433
435
441
1089
1097
1105
1107
1121
1123
1137
1139
1145
1153
1155
1161
1169
1171
1185
1187
1201
1209
2113
2115
2121
2129
2131
2137
2145
2147
2153
2161
2163
2169
2177
2179
2185
2193
2195
2201
2209
2211
2217
2225
2227
2233
2369
2371
2377
2385
2387
2393
2401
2403
2409
2417
2419
2425
2433
2435
2441
2449
2451
2457
2465
2467
2473
2481
2483
2489
